TRINITY_DN6_c0_g1_i1	KWMTBOMO07220	89.77	88	9	0	3	266	1984	2247	3e-48	187
TRINITY_DN6_c0_g1_i1	KWMTBOMO07220	65.17	89	31	0	268	2	2249	1983	6e-27	116
TRINITY_DN6_c0_g1_i1	KWMTBOMO07220	39.77	88	53	0	2	265	1983	2246	2e-14	75.3
TRINITY_DN6_c0_g1_i1	KWMTBOMO07220	42.35	85	49	0	263	9	2244	1990	3e-14	74.4
TRINITY_DN6_c0_g1_i2	KWMTBOMO07220	90.13	152	15	0	2	457	1792	2247	3e-90	328
TRINITY_DN6_c0_g1_i2	KWMTBOMO07220	66.67	153	51	0	459	1	2249	1791	4e-56	214
TRINITY_DN6_c0_g1_i2	KWMTBOMO07220	40.28	144	86	0	454	23	2244	1813	5e-25	111
TRINITY_DN6_c0_g1_i2	KWMTBOMO07220	36.97	119	75	0	100	456	1890	2246	1e-18	90.4
TRINITY_DN10_c0_g1_i1	KWMTBOMO10329	94.20	69	4	0	1	207	1225	1431	8e-31	128
TRINITY_DN10_c0_g1_i1	KWMTBOMO10329	40.58	69	41	0	207	1	1431	1225	4e-11	63.4
TRINITY_DN13_c0_g1_i1	KWMTBOMO08758	100.00	71	0	0	2	214	3178	3390	5e-42	166
TRINITY_DN13_c0_g1_i1	KWMTBOMO08758	92.96	71	5	0	213	1	3389	3177	5e-37	149
TRINITY_DN13_c0_g1_i1	KWMTBOMO08758	68.57	70	22	0	1	210	3177	3386	1e-28	121
TRINITY_DN13_c0_g1_i1	KWMTBOMO08758	70.00	70	21	0	214	5	3390	3181	3e-28	120
TRINITY_DN13_c0_g1_i1	KWMTBOMO08758	71.21	66	19	0	12	209	3188	3385	3e-25	110
TRINITY_DN13_c0_g1_i1	KWMTBOMO08758	66.67	69	23	0	212	6	3388	3182	7e-21	95.9
TRINITY_DN13_c0_g1_i1	KWMTBOMO15901	68.52	54	17	0	53	214	3730	3891	9e-20	92.3
TRINITY_DN13_c0_g1_i1	KWMTBOMO15872	65.45	55	19	0	50	214	3826	3990	1e-19	91.8
TRINITY_DN15_c0_g1_i1	KWMTBOMO07248	53.33	30	14	0	1	90	2941	3030	9e-14	46.0
TRINITY_DN15_c0_g1_i1	KWMTBOMO07248	48.65	37	19	0	97	207	3040	3150	9e-14	45.1
TRINITY_DN21_c0_g1_i1	KWMTBOMO08541	72.87	129	35	0	3	389	151	537	1e-63	239
TRINITY_DN21_c0_g1_i1	KWMTBOMO08541	62.79	129	48	0	391	5	539	153	7e-45	177
TRINITY_DN21_c0_g1_i1	KWMTBOMO08541	36.51	126	80	0	383	6	531	154	3e-14	75.3
TRINITY_DN25_c0_g1_i1	KWMTBOMO15723	57.47	87	37	0	69	329	76	336	6e-29	123
TRINITY_DN25_c0_g1_i1	KWMTBOMO15723	53.85	78	36	0	334	101	341	108	2e-18	77.6
TRINITY_DN25_c0_g1_i1	KWMTBOMO15723	48.00	25	13	0	96	22	97	23	2e-18	30.4
TRINITY_DN25_c0_g1_i1	KWMTBOMO15529	57.47	87	37	0	69	329	76	336	6e-29	123
TRINITY_DN25_c0_g1_i1	KWMTBOMO15529	53.85	78	36	0	334	101	341	108	2e-18	77.6
TRINITY_DN25_c0_g1_i1	KWMTBOMO15529	48.00	25	13	0	96	22	97	23	2e-18	30.4
TRINITY_DN25_c0_g1_i1	KWMTBOMO13738	57.47	87	37	0	69	329	76	336	6e-29	123
TRINITY_DN25_c0_g1_i1	KWMTBOMO13738	53.85	78	36	0	334	101	341	108	2e-18	77.6
TRINITY_DN25_c0_g1_i1	KWMTBOMO13738	48.00	25	13	0	96	22	97	23	2e-18	30.4
TRINITY_DN25_c0_g1_i1	KWMTBOMO13736	57.47	87	37	0	69	329	76	336	6e-29	123
TRINITY_DN25_c0_g1_i1	KWMTBOMO13736	53.85	78	36	0	334	101	341	108	2e-18	77.6
TRINITY_DN25_c0_g1_i1	KWMTBOMO13736	48.00	25	13	0	96	22	97	23	2e-18	30.4
TRINITY_DN25_c0_g1_i1	KWMTBOMO14515	60.61	66	26	0	132	329	931	1128	1e-20	95.9
TRINITY_DN25_c0_g1_i1	KWMTBOMO04117	63.64	55	20	0	165	329	796	960	2e-17	85.4
TRINITY_DN25_c0_g1_i1	KWMTBOMO04117	50.00	66	33	0	334	137	965	768	2e-11	65.7
TRINITY_DN25_c0_g1_i1	KWMTBOMO14343	76.67	30	7	0	240	329	208	297	4e-17	59.7
TRINITY_DN25_c0_g1_i1	KWMTBOMO14343	62.07	29	11	0	102	188	139	225	4e-17	43.7
TRINITY_DN25_c0_g1_i1	KWMTBOMO14343	68.97	29	9	0	328	242	296	210	7e-12	45.1
TRINITY_DN25_c0_g1_i1	KWMTBOMO14343	63.16	19	7	0	75	19	76	20	7e-12	32.7
TRINITY_DN25_c0_g1_i1	KWMTBOMO14343	63.16	19	7	0	172	116	209	153	7e-12	24.9
TRINITY_DN25_c0_g1_i1	KWMTBOMO10764	43.08	65	37	0	72	266	49	243	7e-12	67.0
TRINITY_DN25_c0_g1_i2	KWMTBOMO15529	44.83	58	32	0	69	242	76	249	2e-24	68.0
TRINITY_DN25_c0_g1_i2	KWMTBOMO15529	83.33	30	5	0	334	423	247	336	2e-24	61.1
TRINITY_DN25_c0_g1_i2	KWMTBOMO15529	61.29	31	12	0	428	336	341	249	2e-14	40.9
TRINITY_DN25_c0_g1_i2	KWMTBOMO15529	47.92	48	25	0	244	101	251	108	2e-14	40.9
TRINITY_DN25_c0_g1_i2	KWMTBOMO15529	48.00	25	13	0	96	22	97	23	2e-14	30.4
TRINITY_DN25_c0_g1_i2	KWMTBOMO13736	44.83	58	32	0	69	242	76	249	2e-24	68.0
TRINITY_DN25_c0_g1_i2	KWMTBOMO13736	83.33	30	5	0	334	423	247	336	2e-24	61.1
TRINITY_DN25_c0_g1_i2	KWMTBOMO13736	61.29	31	12	0	428	336	341	249	2e-14	40.9
TRINITY_DN25_c0_g1_i2	KWMTBOMO13736	47.92	48	25	0	244	101	251	108	2e-14	40.9
TRINITY_DN25_c0_g1_i2	KWMTBOMO13736	48.00	25	13	0	96	22	97	23	2e-14	30.4
TRINITY_DN25_c0_g1_i2	KWMTBOMO15723	44.83	58	32	0	69	242	76	249	2e-24	68.0
TRINITY_DN25_c0_g1_i2	KWMTBOMO15723	83.33	30	5	0	334	423	247	336	2e-24	61.1
TRINITY_DN25_c0_g1_i2	KWMTBOMO15723	61.29	31	12	0	428	336	341	249	2e-14	40.9
TRINITY_DN25_c0_g1_i2	KWMTBOMO15723	47.92	48	25	0	244	101	251	108	2e-14	40.9
TRINITY_DN25_c0_g1_i2	KWMTBOMO15723	48.00	25	13	0	96	22	97	23	2e-14	30.4
TRINITY_DN25_c0_g1_i2	KWMTBOMO13738	44.83	58	32	0	69	242	76	249	2e-24	68.0
TRINITY_DN25_c0_g1_i2	KWMTBOMO13738	83.33	30	5	0	334	423	247	336	2e-24	61.1
TRINITY_DN25_c0_g1_i2	KWMTBOMO13738	61.29	31	12	0	428	336	341	249	2e-14	40.9
TRINITY_DN25_c0_g1_i2	KWMTBOMO13738	47.92	48	25	0	244	101	251	108	2e-14	40.9
TRINITY_DN25_c0_g1_i2	KWMTBOMO13738	48.00	25	13	0	96	22	97	23	2e-14	30.4
TRINITY_DN25_c0_g1_i2	KWMTBOMO14343	77.42	31	7	0	331	423	205	297	3e-17	62.5
TRINITY_DN25_c0_g1_i2	KWMTBOMO14343	62.07	29	11	0	102	188	139	225	3e-17	43.7
TRINITY_DN25_c0_g1_i2	KWMTBOMO14343	65.62	32	11	0	422	327	296	201	7e-12	47.8
TRINITY_DN25_c0_g1_i2	KWMTBOMO14343	63.16	19	7	0	75	19	76	20	7e-12	32.7
TRINITY_DN25_c0_g1_i2	KWMTBOMO14343	63.16	19	7	0	172	116	209	153	7e-12	24.9
TRINITY_DN27_c0_g1_i1	KWMTBOMO00554	91.43	70	6	0	4	213	2680	2889	4e-43	169
TRINITY_DN27_c0_g1_i1	KWMTBOMO00554	79.41	68	14	0	209	6	2885	2682	1e-29	124
TRINITY_DN29_c0_g1_i1	KWMTBOMO09833	57.43	101	43	0	2	304	541	843	3e-40	160
TRINITY_DN29_c0_g1_i1	KWMTBOMO09833	52.00	75	36	0	267	43	806	582	7e-13	70.3
TRINITY_DN29_c0_g1_i1	KWMTBOMO08029	53.47	101	47	0	2	304	427	729	7e-37	149
TRINITY_DN29_c0_g1_i1	KWMTBOMO08029	42.55	94	54	0	303	22	728	447	2e-12	68.4
TRINITY_DN29_c0_g1_i1	KWMTBOMO08029	30.21	96	67	0	289	2	714	427	2e-11	65.2
TRINITY_DN29_c0_g1_i1	KWMTBOMO09834	59.55	89	36	0	2	268	130	396	2e-34	141
TRINITY_DN29_c0_g1_i1	KWMTBOMO09834	51.22	82	40	0	267	22	395	150	2e-14	75.8
TRINITY_DN29_c0_g1_i1	KWMTBOMO09832	45.54	101	55	0	2	304	562	864	7e-29	123
TRINITY_DN30_c0_g1_i1	KWMTBOMO03369	97.37	114	3	0	21	362	1	342	3e-68	244
TRINITY_DN30_c0_g1_i1	KWMTBOMO03369	100.00	12	0	0	435	470	415	450	3e-68	31.5
TRINITY_DN30_c0_g1_i1	KWMTBOMO03369	80.00	50	10	0	403	254	383	234	8e-40	91.3
TRINITY_DN30_c0_g1_i1	KWMTBOMO03369	86.84	38	5	0	136	23	116	3	8e-40	79.0
TRINITY_DN30_c0_g1_i1	KWMTBOMO03369	73.33	15	4	0	461	417	441	397	8e-40	28.6
TRINITY_DN30_c0_g1_i1	KWMTBOMO03369	46.26	147	79	0	23	463	3	443	2e-29	126
TRINITY_DN30_c0_g1_i1	KWMTBOMO03369	45.63	103	56	0	330	22	310	2	2e-16	79.4
TRINITY_DN30_c0_g1_i1	KWMTBOMO03369	100.00	9	0	0	472	446	452	426	2e-16	22.6
TRINITY_DN30_c0_g1_i1	KWMTBOMO03369	51.02	49	24	0	371	225	351	205	2e-14	55.1
TRINITY_DN30_c0_g1_i1	KWMTBOMO03369	47.06	34	18	0	149	48	129	28	2e-14	40.0
TRINITY_DN32_c0_g1_i1	KWMTBOMO12624	97.41	116	3	0	1	348	352	699	8e-73	269
TRINITY_DN32_c0_g1_i1	KWMTBOMO12624	92.17	115	9	0	347	3	698	354	8e-64	239
TRINITY_DN32_c0_g1_i1	KWMTBOMO12624	73.28	116	31	0	348	1	699	352	8e-53	203
TRINITY_DN32_c0_g1_i1	KWMTBOMO12624	70.43	115	34	0	3	347	354	698	2e-48	188
TRINITY_DN32_c0_g1_i1	KWMTBOMO12624	73.04	115	31	0	346	2	697	353	2e-40	161
TRINITY_DN32_c0_g1_i1	KWMTBOMO12624	85.07	67	10	0	146	346	497	697	1e-28	117
TRINITY_DN32_c0_g1_i1	KWMTBOMO12624	83.33	12	2	0	2	37	353	388	1e-28	24.9
TRINITY_DN32_c0_g1_i1	KWMTBOMO11629	56.86	51	22	0	196	348	13	165	2e-15	79.0
TRINITY_DN32_c0_g1_i1	KWMTBOMO15872	38.18	55	34	0	166	330	337	501	7e-15	58.8
TRINITY_DN32_c0_g1_i1	KWMTBOMO15872	39.53	43	26	0	40	168	181	309	7e-15	37.3
TRINITY_DN32_c0_g1_i1	KWMTBOMO15901	37.50	56	35	0	166	333	298	465	9e-13	57.0
TRINITY_DN32_c0_g1_i1	KWMTBOMO15901	37.14	35	22	0	64	168	166	270	9e-13	31.8
TRINITY_DN34_c0_g1_i1	KWMTBOMO13452	60.87	69	27	0	149	355	2218	2424	2e-34	95.0
TRINITY_DN34_c0_g1_i1	KWMTBOMO13452	63.83	47	17	0	2	142	2077	2217	2e-34	68.0
TRINITY_DN34_c0_g1_i1	KWMTBOMO13452	54.10	61	28	0	354	172	2423	2241	9e-14	47.8
TRINITY_DN34_c0_g1_i1	KWMTBOMO13452	73.08	26	7	0	111	34	2186	2109	9e-14	45.1
TRINITY_DN36_c0_g1_i1	KWMTBOMO15735	65.52	116	40	0	3	350	1114	1461	3e-37	151
TRINITY_DN36_c0_g1_i1	KWMTBOMO15735	59.46	111	45	0	340	8	1451	1119	2e-33	138
TRINITY_DN41_c0_g1_i1	KWMTBOMO01187	26.32	95	70	0	389	673	379	663	2e-17	69.3
TRINITY_DN41_c0_g1_i1	KWMTBOMO01187	55.17	29	13	0	41	127	43	129	2e-17	38.2
TRINITY_DN53_c0_g1_i1	KWMTBOMO14572	84.81	79	12	0	3	239	2122	2358	6e-48	185
TRINITY_DN53_c0_g1_i1	KWMTBOMO14572	39.29	28	17	0	219	302	5473	5556	6e-48	26.3
TRINITY_DN53_c0_g1_i1	KWMTBOMO14572	64.56	79	28	0	238	2	2357	2121	2e-29	123
TRINITY_DN53_c0_g1_i1	KWMTBOMO14572	44.00	25	14	0	292	218	9929	9855	2e-29	25.8
TRINITY_DN53_c0_g1_i1	KWMTBOMO14572	52.78	72	34	0	15	230	3829	4044	2e-26	107
TRINITY_DN53_c0_g1_i1	KWMTBOMO14572	50.00	24	12	0	207	278	9844	9915	2e-26	32.2
TRINITY_DN53_c0_g1_i1	KWMTBOMO14572	48.10	79	41	0	45	281	6424	6660	2e-23	105
TRINITY_DN53_c0_g1_i1	KWMTBOMO14572	49.37	79	40	0	245	9	2364	2128	4e-21	97.7
TRINITY_DN53_c0_g1_i1	KWMTBOMO14572	43.90	82	46	0	36	281	8674	8919	8e-19	90.0
TRINITY_DN53_c0_g1_i1	KWMTBOMO14572	41.77	79	46	0	45	281	11665	11901	5e-17	84.0
TRINITY_DN53_c0_g1_i1	KWMTBOMO14572	40.74	54	32	0	48	209	9856	10017	3e-16	56.5
TRINITY_DN53_c0_g1_i1	KWMTBOMO14572	59.09	22	9	0	9	74	5599	5664	3e-16	39.6
TRINITY_DN53_c0_g1_i1	KWMTBOMO14572	37.93	29	18	0	195	281	11731	11817	3e-16	29.5
TRINITY_DN53_c0_g1_i1	KWMTBOMO14572	45.90	61	33	0	283	101	6662	6480	6e-15	64.3
TRINITY_DN53_c0_g1_i1	KWMTBOMO14572	54.55	22	10	0	73	8	5663	5598	6e-15	36.3
TRINITY_DN53_c0_g1_i1	KWMTBOMO14572	38.78	49	30	0	132	278	5470	5616	4e-14	53.8
TRINITY_DN53_c0_g1_i1	KWMTBOMO14572	51.22	41	20	0	5	127	2124	2246	4e-14	44.1
TRINITY_DN53_c0_g1_i1	KWMTBOMO14572	50.63	79	39	0	4	240	2123	2359	1e-12	69.3
TRINITY_DN53_c0_g1_i1	KWMTBOMO14578	41.03	78	46	0	48	281	1540	1773	3e-19	91.3
TRINITY_DN53_c0_g1_i1	KWMTBOMO14578	39.06	64	39	0	90	281	1102	1293	1e-13	73.0
TRINITY_DN53_c0_g1_i1	KWMTBOMO14573	35.56	90	58	0	33	302	2890	3159	6e-19	90.4
TRINITY_DN53_c0_g1_i1	KWMTBOMO07048	38.75	80	49	0	42	281	778	1017	6e-19	90.4
TRINITY_DN53_c0_g1_i1	KWMTBOMO14576	42.42	66	38	0	45	242	5224	5421	4e-16	79.0
TRINITY_DN53_c0_g1_i1	KWMTBOMO14576	41.67	24	14	0	219	290	5887	5958	4e-16	24.9
TRINITY_DN53_c0_g1_i1	KWMTBOMO14576	32.53	83	56	0	42	290	1150	1398	6e-16	80.3
TRINITY_DN53_c0_g1_i1	KWMTBOMO14576	51.22	41	20	0	39	161	2425	2547	9e-13	51.9
TRINITY_DN53_c0_g1_i1	KWMTBOMO14576	34.48	29	19	0	195	281	5941	6027	9e-13	30.9
TRINITY_DN53_c0_g1_i1	KWMTBOMO14576	42.86	21	12	0	135	197	3283	3345	9e-13	29.0
TRINITY_DN53_c0_g1_i1	KWMTBOMO14604	39.47	76	46	0	42	269	889	1116	5e-16	80.8
TRINITY_DN53_c0_g1_i1	KWMTBOMO14365	38.46	78	48	0	48	281	649	882	2e-15	79.0
TRINITY_DN53_c0_g1_i1	KWMTBOMO10159	37.50	88	55	0	21	284	4111	4374	6e-15	77.1
TRINITY_DN53_c0_g1_i1	KWMTBOMO10159	40.98	61	36	0	105	287	4279	4461	3e-13	60.2
TRINITY_DN53_c0_g1_i1	KWMTBOMO10159	32.14	28	19	0	21	104	4198	4281	3e-13	29.9
TRINITY_DN53_c0_g1_i1	KWMTBOMO16577	37.50	88	55	0	21	284	913	1176	8e-15	76.7
TRINITY_DN53_c0_g1_i1	KWMTBOMO14593	34.62	78	51	0	48	281	1321	1554	8e-15	76.7
TRINITY_DN53_c0_g1_i1	KWMTBOMO14592	32.94	85	57	0	48	302	1399	1653	8e-15	76.7
TRINITY_DN53_c0_g1_i1	KWMTBOMO14585	35.44	79	51	0	45	281	1573	1809	2e-14	75.8
TRINITY_DN53_c0_g1_i1	KWMTBOMO14605	36.71	79	50	0	42	278	1111	1347	5e-14	73.9
TRINITY_DN53_c0_g1_i1	KWMTBOMO14274	37.18	78	49	0	48	281	634	867	5e-14	73.9
TRINITY_DN53_c0_g1_i1	KWMTBOMO06127	34.41	93	61	0	3	281	223	501	3e-13	71.6
TRINITY_DN53_c0_g1_i1	KWMTBOMO06127	32.58	89	60	0	21	287	664	930	4e-11	64.3
TRINITY_DN53_c0_g1_i1	KWMTBOMO06127	33.75	80	53	0	42	281	91	330	6e-11	63.8
TRINITY_DN53_c0_g1_i1	KWMTBOMO06089	37.50	64	40	0	105	296	1150	1341	4e-13	63.8
TRINITY_DN53_c0_g1_i1	KWMTBOMO06089	33.33	30	20	0	24	113	1072	1161	4e-13	25.8
TRINITY_DN53_c0_g1_i1	KWMTBOMO11050	28.75	80	57	0	48	287	898	1137	5e-13	70.7
TRINITY_DN53_c0_g1_i1	KWMTBOMO14886	28.74	87	62	0	48	308	3412	3672	1e-12	69.8
TRINITY_DN53_c0_g1_i1	KWMTBOMO00519	33.75	80	53	0	48	287	400	639	1e-12	69.3
TRINITY_DN53_c0_g1_i1	KWMTBOMO00519	36.51	63	40	0	93	281	613	801	4e-12	58.3
TRINITY_DN53_c0_g1_i1	KWMTBOMO00519	26.47	34	25	0	3	104	442	543	4e-12	28.1
TRINITY_DN53_c0_g1_i1	KWMTBOMO09828	34.33	67	44	0	102	302	826	1026	3e-12	62.9
TRINITY_DN53_c0_g1_i1	KWMTBOMO09828	38.10	21	13	0	42	104	577	639	3e-12	25.8
TRINITY_DN53_c0_g1_i1	KWMTBOMO09828	38.98	59	36	0	105	281	997	1173	1e-11	60.6
TRINITY_DN53_c0_g1_i1	KWMTBOMO09828	40.91	22	13	0	42	107	853	918	1e-11	24.4
TRINITY_DN53_c0_g1_i1	KWMTBOMO09828	35.48	62	40	0	111	296	1423	1608	8e-11	59.3
TRINITY_DN53_c0_g1_i1	KWMTBOMO09828	42.86	21	12	0	42	104	1105	1167	8e-11	24.4
TRINITY_DN53_c0_g1_i1	KWMTBOMO00352	38.33	60	37	0	102	281	1702	1881	3e-12	56.1
TRINITY_DN53_c0_g1_i1	KWMTBOMO00352	57.14	21	9	0	42	104	1645	1707	3e-12	30.9
TRINITY_DN53_c0_g1_i1	KWMTBOMO14596	42.86	49	28	0	135	281	5185	5331	3e-12	54.7
TRINITY_DN53_c0_g1_i1	KWMTBOMO14596	34.29	35	23	0	27	131	4822	4926	3e-12	36.3
TRINITY_DN53_c0_g1_i1	KWMTBOMO11917	33.90	59	39	0	105	281	1861	2037	3e-12	51.5
TRINITY_DN53_c0_g1_i1	KWMTBOMO11917	50.00	26	13	0	39	116	1609	1686	3e-12	37.3
TRINITY_DN53_c0_g1_i1	KWMTBOMO08001	42.62	61	35	0	108	290	232	414	3e-12	68.0
TRINITY_DN53_c0_g1_i1	KWMTBOMO00511	33.75	80	53	0	42	281	2764	3003	3e-12	68.0
TRINITY_DN53_c0_g1_i1	KWMTBOMO14232	35.00	80	52	0	42	281	1000	1239	5e-12	67.5
TRINITY_DN53_c0_g1_i1	KWMTBOMO14232	37.50	56	35	0	105	272	892	1059	7e-12	54.7
TRINITY_DN53_c0_g1_i1	KWMTBOMO14232	29.41	34	24	0	3	104	793	894	7e-12	30.9
TRINITY_DN53_c0_g1_i1	KWMTBOMO11957	37.50	64	40	0	90	281	1027	1218	5e-12	63.8
TRINITY_DN53_c0_g1_i1	KWMTBOMO11957	35.00	20	13	0	45	104	985	1044	5e-12	22.1
TRINITY_DN53_c0_g1_i1	KWMTBOMO06120	39.62	53	32	0	123	281	1360	1518	7e-12	55.6
TRINITY_DN53_c0_g1_i1	KWMTBOMO06120	39.39	33	20	0	48	146	1276	1374	7e-12	29.9
TRINITY_DN53_c0_g1_i1	KWMTBOMO06120	38.33	60	37	0	102	281	1423	1602	2e-11	53.8
TRINITY_DN53_c0_g1_i1	KWMTBOMO06120	35.29	34	22	0	3	104	1327	1428	2e-11	29.9
TRINITY_DN53_c0_g1_i1	KWMTBOMO00166	40.00	55	33	0	105	269	340	504	7e-12	49.6
TRINITY_DN53_c0_g1_i1	KWMTBOMO00166	48.00	25	13	0	30	104	268	342	7e-12	35.0
TRINITY_DN53_c0_g1_i1	KWMTBOMO14303	28.75	80	57	0	42	281	1675	1914	9e-12	66.6
TRINITY_DN53_c0_g1_i1	KWMTBOMO14303	32.18	87	59	0	27	287	1234	1494	3e-11	64.8
TRINITY_DN53_c0_g1_i1	KWMTBOMO06123	33.33	63	42	0	93	281	865	1053	9e-12	55.1
TRINITY_DN53_c0_g1_i1	KWMTBOMO06123	28.95	38	27	0	3	116	46	159	9e-12	31.3
TRINITY_DN53_c0_g1_i1	KWMTBOMO10440	32.20	59	40	0	105	281	1948	2124	1e-11	46.9
TRINITY_DN53_c0_g1_i1	KWMTBOMO10440	52.00	25	12	0	33	107	1795	1869	1e-11	38.2
TRINITY_DN53_c0_g1_i1	KWMTBOMO10440	32.20	59	40	0	105	281	1780	1956	8e-11	44.1
TRINITY_DN53_c0_g1_i1	KWMTBOMO10440	48.00	25	13	0	33	107	1711	1785	8e-11	37.7
TRINITY_DN53_c0_g1_i1	KWMTBOMO06256	31.40	86	59	0	45	302	133	390	1e-11	66.1
TRINITY_DN53_c0_g1_i1	KWMTBOMO06090	30.49	82	57	0	33	278	1177	1422	1e-11	66.1
TRINITY_DN53_c0_g1_i1	KWMTBOMO15602	45.65	46	25	0	105	242	910	1047	1e-11	51.0
TRINITY_DN53_c0_g1_i1	KWMTBOMO15602	54.55	22	10	0	42	107	850	915	1e-11	33.6
TRINITY_DN53_c0_g1_i1	KWMTBOMO06093	38.60	57	35	0	105	275	586	756	1e-11	52.4
TRINITY_DN53_c0_g1_i1	KWMTBOMO06093	38.24	34	21	0	3	104	487	588	1e-11	32.2
TRINITY_DN53_c0_g1_i1	KWMTBOMO14923	29.82	57	40	0	111	281	3427	3597	1e-11	48.7
TRINITY_DN53_c0_g1_i1	KWMTBOMO14923	40.62	32	19	0	9	104	2359	2454	1e-11	38.6
TRINITY_DN53_c0_g1_i1	KWMTBOMO14273	35.00	80	52	0	42	281	706	945	2e-11	65.7
TRINITY_DN53_c0_g1_i1	KWMTBOMO13189	36.21	58	37	0	105	278	1162	1335	2e-11	59.3
TRINITY_DN53_c0_g1_i1	KWMTBOMO13189	32.35	34	23	0	3	104	1063	1164	2e-11	24.9
TRINITY_DN53_c0_g1_i1	KWMTBOMO15776	37.29	59	37	0	105	281	223	399	2e-11	55.1
TRINITY_DN53_c0_g1_i1	KWMTBOMO15776	47.37	19	10	0	48	104	169	225	2e-11	28.1
TRINITY_DN53_c0_g1_i1	KWMTBOMO08696	36.00	50	32	0	120	269	877	1026	4e-11	54.7
TRINITY_DN53_c0_g1_i1	KWMTBOMO08696	41.38	29	17	0	27	113	403	489	4e-11	29.9
TRINITY_DN53_c0_g1_i1	KWMTBOMO01737	33.75	80	53	0	42	281	1726	1965	4e-11	64.3
TRINITY_DN53_c0_g1_i1	KWMTBOMO06288	41.07	56	33	0	42	209	1201	1368	5e-11	51.0
TRINITY_DN53_c0_g1_i1	KWMTBOMO06288	40.74	27	16	0	192	272	1465	1545	5e-11	31.8
TRINITY_DN53_c0_g1_i1	KWMTBOMO13187	28.26	92	66	0	3	278	784	1059	6e-11	63.8
TRINITY_DN53_c0_g1_i1	KWMTBOMO12007	32.26	62	42	0	120	305	784	969	7e-11	50.6
TRINITY_DN53_c0_g1_i1	KWMTBOMO12007	38.24	34	21	0	3	104	466	567	7e-11	33.1
TRINITY_DN53_c0_g1_i1	KWMTBOMO14581	33.33	54	36	0	123	284	1435	1596	8e-11	51.0
TRINITY_DN53_c0_g1_i1	KWMTBOMO14581	45.45	22	12	0	48	113	1363	1428	8e-11	30.9
TRINITY_DN53_c0_g1_i1	KWMTBOMO06130	36.51	63	40	0	102	290	355	543	1e-10	55.1
TRINITY_DN53_c0_g1_i1	KWMTBOMO06130	34.38	32	21	0	9	104	13	108	1e-10	27.6
TRINITY_DN61_c0_g1_i1	KWMTBOMO12211	88.89	63	7	0	72	260	367	555	2e-35	111
TRINITY_DN61_c0_g1_i1	KWMTBOMO12211	88.00	25	3	0	3	77	295	369	2e-35	52.5
TRINITY_DN61_c0_g1_i1	KWMTBOMO12211	55.56	54	24	0	257	96	552	391	4e-15	61.6
TRINITY_DN61_c0_g1_i1	KWMTBOMO12211	51.85	27	13	0	83	3	375	295	4e-15	34.5
TRINITY_DN61_c0_g1_i1	KWMTBOMO12211	50.00	56	28	0	91	258	386	553	7e-14	54.7
TRINITY_DN61_c0_g1_i1	KWMTBOMO12211	63.64	22	8	0	2	67	294	359	7e-14	37.3
TRINITY_DN61_c0_g1_i1	KWMTBOMO12211	72.41	29	8	0	256	170	551	465	8e-12	37.7
TRINITY_DN61_c0_g1_i1	KWMTBOMO12211	76.47	17	4	0	51	1	343	293	8e-12	32.7
TRINITY_DN61_c0_g1_i1	KWMTBOMO12211	100.00	11	0	0	121	89	416	384	8e-12	31.3
TRINITY_DN64_c0_g1_i1	KWMTBOMO08047	79.31	29	6	0	758	672	1639	1725	7e-13	51.9
TRINITY_DN64_c0_g1_i1	KWMTBOMO08047	72.22	18	5	0	81	28	1873	1926	7e-13	34.1
TRINITY_DN64_c0_g1_i1	KWMTBOMO08047	69.23	13	4	0	237	199	1717	1755	7e-13	26.7
TRINITY_DN64_c0_g1_i1	KWMTBOMO08047	69.23	13	4	0	860	822	1534	1572	7e-13	21.7
TRINITY_DN64_c0_g1_i2	KWMTBOMO08047	74.07	27	7	0	384	304	1639	1719	1e-12	45.5
TRINITY_DN64_c0_g1_i2	KWMTBOMO08047	72.22	18	5	0	81	28	1873	1926	1e-12	34.1
TRINITY_DN64_c0_g1_i2	KWMTBOMO08047	69.23	13	4	0	237	199	1717	1755	1e-12	26.7
TRINITY_DN67_c0_g1_i1	KWMTBOMO13162	62.82	78	29	0	80	313	34	267	1e-29	125
TRINITY_DN67_c0_g1_i1	KWMTBOMO13162	61.19	67	26	0	315	115	269	69	6e-14	73.9
TRINITY_DN72_c0_g1_i1	KWMTBOMO02251	84.47	161	25	0	3	485	742	1224	2e-144	358
TRINITY_DN72_c0_g1_i1	KWMTBOMO02251	80.00	90	18	0	492	761	1234	1503	2e-144	172
TRINITY_DN72_c0_g1_i1	KWMTBOMO02251	68.32	161	51	0	484	2	1223	741	7e-91	232
TRINITY_DN72_c0_g1_i1	KWMTBOMO02251	67.05	88	29	0	760	497	1502	1239	7e-91	119
TRINITY_DN72_c0_g1_i1	KWMTBOMO02251	49.06	159	81	0	482	6	1221	745	4e-47	149
TRINITY_DN72_c0_g1_i1	KWMTBOMO02251	34.57	81	53	0	761	519	1503	1261	4e-47	56.5
TRINITY_DN72_c0_g1_i1	KWMTBOMO02251	46.20	158	85	0	11	484	750	1223	5e-44	146
TRINITY_DN72_c0_g1_i1	KWMTBOMO02251	46.67	45	24	0	533	667	1275	1409	5e-44	48.7
TRINITY_DN72_c0_g1_i1	KWMTBOMO02251	46.58	161	86	0	483	1	1222	740	4e-35	133
TRINITY_DN72_c0_g1_i1	KWMTBOMO02251	56.67	30	13	0	624	535	1366	1277	4e-35	31.8
TRINITY_DN72_c0_g1_i1	KWMTBOMO02251	51.38	109	53	0	25	351	764	1090	2e-22	86.3
TRINITY_DN72_c0_g1_i1	KWMTBOMO02251	53.33	30	14	0	535	624	1277	1366	2e-22	30.9
TRINITY_DN72_c0_g1_i1	KWMTBOMO02251	40.00	25	15	0	409	483	1148	1222	2e-22	23.5
TRINITY_DN75_c0_g1_i1	KWMTBOMO03055	92.98	57	4	0	1	171	2917	3087	2e-36	119
TRINITY_DN75_c0_g1_i1	KWMTBOMO03055	100.00	17	0	0	256	306	3172	3222	2e-36	41.2
TRINITY_DN75_c0_g1_i1	KWMTBOMO03055	83.33	12	2	0	163	198	3076	3111	2e-36	25.9
TRINITY_DN75_c0_g1_i1	KWMTBOMO03055	86.49	37	5	0	170	60	3086	2976	6e-21	79.4
TRINITY_DN75_c0_g1_i1	KWMTBOMO03055	68.42	19	6	0	306	250	3222	3166	6e-21	36.8
TRINITY_DN75_c0_g1_i1	KWMTBOMO03055	60.98	41	16	0	48	170	2964	3086	5e-12	55.6
TRINITY_DN75_c0_g1_i1	KWMTBOMO03055	66.67	18	6	0	254	307	3170	3223	5e-12	30.4
TRINITY_DN78_c0_g1_i1	KWMTBOMO14904	78.57	196	42	0	44	631	19	606	6e-110	394
TRINITY_DN78_c0_g1_i1	KWMTBOMO14904	65.13	195	68	0	627	43	602	18	1e-68	257
TRINITY_DN78_c0_g1_i1	KWMTBOMO14904	35.34	116	75	0	373	26	348	1	2e-25	90.4
TRINITY_DN78_c0_g1_i1	KWMTBOMO14904	36.76	68	43	0	628	425	603	400	2e-25	42.8
TRINITY_DN78_c0_g1_i1	KWMTBOMO14904	35.43	127	82	0	247	627	222	602	4e-13	72.5
TRINITY_DN78_c0_g1_i1	KWMTBOMO14846	65.83	199	68	0	35	631	13	609	2e-95	345
TRINITY_DN78_c0_g1_i1	KWMTBOMO14846	58.64	191	79	0	603	31	581	9	2e-55	212
TRINITY_DN78_c0_g1_i1	KWMTBOMO14846	31.25	112	77	0	373	38	351	16	3e-16	62.9
TRINITY_DN78_c0_g1_i1	KWMTBOMO14846	37.93	58	36	0	604	431	582	409	3e-16	39.1
TRINITY_DN78_c0_g1_i1	KWMTBOMO14834	47.15	123	65	0	35	403	3676	4044	4e-56	145
TRINITY_DN78_c0_g1_i1	KWMTBOMO14834	48.48	66	34	0	431	628	4069	4266	4e-56	90.0
TRINITY_DN78_c0_g1_i1	KWMTBOMO14834	50.00	110	55	0	387	58	4028	3699	4e-25	98.2
TRINITY_DN78_c0_g1_i1	KWMTBOMO14834	48.65	37	19	0	573	463	4211	4101	4e-25	33.6
TRINITY_DN78_c0_g1_i1	KWMTBOMO00995	58.95	95	39	0	86	370	85	369	1e-52	138
TRINITY_DN78_c0_g1_i1	KWMTBOMO00995	39.74	78	47	0	398	631	364	597	1e-52	74.4
TRINITY_DN78_c0_g1_i1	KWMTBOMO00995	55.00	20	9	0	35	94	7	66	1e-52	29.0
TRINITY_DN78_c0_g1_i1	KWMTBOMO00995	45.26	95	52	0	369	85	368	84	2e-23	73.5
TRINITY_DN78_c0_g1_i1	KWMTBOMO00995	43.55	62	35	0	585	400	551	366	2e-23	46.0
TRINITY_DN78_c0_g1_i1	KWMTBOMO00995	45.00	20	11	0	93	34	65	6	2e-23	24.0
TRINITY_DN78_c0_g1_i1	KWMTBOMO00985	50.49	103	51	0	77	385	133	441	3e-49	128
TRINITY_DN78_c0_g1_i1	KWMTBOMO00985	34.62	78	51	0	398	631	421	654	3e-49	74.8
TRINITY_DN78_c0_g1_i1	KWMTBOMO00985	47.37	19	10	0	38	94	76	132	3e-49	28.1
TRINITY_DN78_c0_g1_i1	KWMTBOMO00985	42.11	95	55	0	384	100	440	156	9e-16	67.0
TRINITY_DN78_c0_g1_i1	KWMTBOMO00985	43.90	41	23	0	570	448	593	471	9e-16	33.1
TRINITY_DN78_c0_g1_i1	KWMTBOMO09561	48.35	91	47	0	110	382	106	378	2e-44	106
TRINITY_DN78_c0_g1_i1	KWMTBOMO09561	41.03	78	46	0	398	631	361	594	2e-44	79.9
TRINITY_DN78_c0_g1_i1	KWMTBOMO09561	40.00	25	15	0	38	112	16	90	2e-44	28.1
TRINITY_DN78_c0_g1_i1	KWMTBOMO09561	38.20	89	55	0	375	109	371	105	3e-11	50.6
TRINITY_DN78_c0_g1_i1	KWMTBOMO09561	50.00	36	18	0	591	484	554	447	3e-11	34.5
TRINITY_DN78_c0_g1_i1	KWMTBOMO00984	42.47	73	42	0	416	634	460	678	4e-41	75.3
TRINITY_DN78_c0_g1_i1	KWMTBOMO00984	54.90	51	23	0	233	385	307	459	4e-41	73.0
TRINITY_DN78_c0_g1_i1	KWMTBOMO00984	50.00	40	20	0	110	229	187	306	4e-41	46.0
TRINITY_DN78_c0_g1_i1	KWMTBOMO00984	40.00	20	12	0	35	94	85	144	4e-41	27.2
TRINITY_DN78_c0_g1_i1	KWMTBOMO15292	43.69	103	58	0	71	379	40	348	5e-36	106
TRINITY_DN78_c0_g1_i1	KWMTBOMO15292	42.11	57	33	0	455	625	433	603	5e-36	61.6
TRINITY_DN78_c0_g1_i1	KWMTBOMO09914	47.75	111	58	0	77	409	61	393	3e-31	132
TRINITY_DN78_c0_g1_i1	KWMTBOMO09914	42.86	77	44	0	398	628	349	579	2e-22	90.4
TRINITY_DN78_c0_g1_i1	KWMTBOMO09914	44.44	27	15	0	26	106	4	84	2e-22	34.5
TRINITY_DN78_c0_g1_i1	KWMTBOMO09914	44.76	105	58	0	408	94	392	78	8e-21	71.6
TRINITY_DN78_c0_g1_i1	KWMTBOMO09914	45.83	48	26	0	591	448	542	399	8e-21	40.0
TRINITY_DN78_c0_g1_i1	KWMTBOMO09914	41.67	24	14	0	105	34	83	12	8e-21	23.1
TRINITY_DN78_c0_g1_i1	KWMTBOMO00938	46.00	100	54	0	110	409	121	420	3e-30	118
TRINITY_DN78_c0_g1_i1	KWMTBOMO00938	31.43	35	24	0	32	136	13	117	3e-30	30.4
TRINITY_DN78_c0_g1_i1	KWMTBOMO00938	38.46	78	48	0	398	631	376	609	2e-17	83.1
TRINITY_DN78_c0_g1_i1	KWMTBOMO00938	41.18	17	10	0	336	386	347	397	2e-17	23.1
TRINITY_DN78_c0_g1_i1	KWMTBOMO00938	42.70	89	51	0	399	133	410	144	1e-13	57.4
TRINITY_DN78_c0_g1_i1	KWMTBOMO00938	48.89	45	23	0	582	448	560	426	1e-13	35.9
TRINITY_DN78_c0_g1_i1	KWMTBOMO15288	45.45	110	60	0	53	382	28	357	2e-27	118
TRINITY_DN78_c0_g1_i1	KWMTBOMO15288	47.83	23	12	0	560	628	535	603	2e-27	24.0
TRINITY_DN78_c0_g1_i1	KWMTBOMO00939	46.00	100	54	0	110	409	157	456	2e-27	120
TRINITY_DN78_c0_g1_i1	KWMTBOMO00939	35.44	79	51	0	398	634	412	648	8e-19	80.3
TRINITY_DN78_c0_g1_i1	KWMTBOMO00939	35.00	40	26	0	32	151	13	132	8e-19	32.7
TRINITY_DN78_c0_g1_i1	KWMTBOMO00939	41.57	89	52	0	399	133	446	180	1e-13	56.5
TRINITY_DN78_c0_g1_i1	KWMTBOMO00939	47.83	46	24	0	585	448	599	462	1e-13	36.3
TRINITY_DN78_c0_g1_i1	KWMTBOMO00940	54.69	64	29	0	437	628	130	321	2e-23	89.0
TRINITY_DN78_c0_g1_i1	KWMTBOMO00940	42.42	33	19	0	308	406	31	129	2e-23	36.8
TRINITY_DN78_c0_g1_i1	KWMTBOMO00326	48.00	50	26	0	119	268	4	153	4e-21	59.3
TRINITY_DN78_c0_g1_i1	KWMTBOMO00326	58.33	24	10	0	563	634	421	492	4e-21	42.8
TRINITY_DN78_c0_g1_i1	KWMTBOMO00326	45.45	33	18	0	299	397	181	279	4e-21	36.8
TRINITY_DN80_c0_g1_i1	KWMTBOMO12625	93.57	140	9	0	130	549	1786	2205	1e-99	284
TRINITY_DN80_c0_g1_i1	KWMTBOMO12625	90.70	43	4	0	1	129	1618	1746	1e-99	96.2
TRINITY_DN80_c0_g1_i1	KWMTBOMO12625	47.83	115	60	0	480	136	2136	1792	5e-47	133
TRINITY_DN80_c0_g1_i1	KWMTBOMO12625	80.95	42	8	0	128	3	1745	1620	5e-47	71.2
TRINITY_DN80_c0_g1_i1	KWMTBOMO12625	79.75	79	16	0	455	219	2111	1875	5e-38	126
TRINITY_DN80_c0_g1_i1	KWMTBOMO12625	44.19	43	24	0	129	1	1746	1618	5e-38	52.8
TRINITY_DN80_c0_g1_i1	KWMTBOMO12625	43.66	71	40	0	547	335	2203	1991	2e-14	50.1
TRINITY_DN80_c0_g1_i1	KWMTBOMO12625	65.38	26	9	0	295	218	1951	1874	2e-14	45.1
TRINITY_DN80_c0_g1_i1	KWMTBOMO12625	60.00	30	12	0	389	478	2045	2134	8e-11	39.1
TRINITY_DN80_c0_g1_i1	KWMTBOMO12625	63.64	22	8	0	218	283	1874	1939	8e-11	35.9
TRINITY_DN80_c0_g1_i1	KWMTBOMO12625	47.50	40	21	0	11	130	1628	1747	8e-11	32.7
TRINITY_DN80_c0_g1_i2	KWMTBOMO12625	93.37	196	13	0	1	588	1618	2205	9e-115	410
TRINITY_DN80_c0_g1_i2	KWMTBOMO12625	79.75	79	16	0	494	258	2111	1875	4e-54	126
TRINITY_DN80_c0_g1_i2	KWMTBOMO12625	83.64	55	9	0	167	3	1784	1620	4e-54	102
TRINITY_DN80_c0_g1_i2	KWMTBOMO12625	47.40	173	91	0	519	1	2136	1618	1e-49	193
TRINITY_DN80_c0_g1_i2	KWMTBOMO12625	43.66	71	40	0	586	374	2203	1991	1e-21	50.1
TRINITY_DN80_c0_g1_i2	KWMTBOMO12625	65.38	26	9	0	334	257	1951	1874	1e-21	45.1
TRINITY_DN80_c0_g1_i2	KWMTBOMO12625	48.08	52	27	0	166	11	1783	1628	1e-21	42.3
TRINITY_DN80_c0_g1_i2	KWMTBOMO12625	54.00	50	23	0	12	161	1629	1778	4e-19	53.8
TRINITY_DN80_c0_g1_i2	KWMTBOMO12625	60.00	30	12	0	428	517	2045	2134	4e-19	39.1
TRINITY_DN80_c0_g1_i2	KWMTBOMO12625	63.64	22	8	0	257	322	1874	1939	4e-19	35.9
TRINITY_DN80_c0_g1_i2	KWMTBOMO12625	52.46	61	29	0	11	193	1628	1810	1e-14	53.3
TRINITY_DN80_c0_g1_i2	KWMTBOMO12625	70.00	20	6	0	276	335	1893	1952	1e-14	32.7
TRINITY_DN80_c0_g1_i2	KWMTBOMO12625	60.87	23	9	0	429	497	2046	2114	1e-14	27.6
TRINITY_DN81_c0_g1_i1	KWMTBOMO12230	65.99	147	50	0	101	541	25	465	4e-69	258
TRINITY_DN81_c0_g1_i1	KWMTBOMO12230	58.96	134	55	0	540	139	464	63	3e-33	138
TRINITY_DN81_c0_g1_i1	KWMTBOMO12236	62.00	150	57	0	92	541	19	468	2e-68	255
TRINITY_DN81_c0_g1_i1	KWMTBOMO12236	56.12	139	61	0	540	124	467	51	1e-36	150
TRINITY_DN81_c0_g1_i1	KWMTBOMO12236	37.23	137	86	0	538	128	465	55	7e-19	91.3
TRINITY_DN81_c0_g1_i1	KWMTBOMO12224	64.79	142	50	0	116	541	49	474	2e-65	246
TRINITY_DN81_c0_g1_i1	KWMTBOMO12224	52.55	137	65	0	540	130	473	63	3e-29	125
TRINITY_DN81_c0_g1_i1	KWMTBOMO12224	37.86	140	87	0	538	119	471	52	1e-18	90.9
TRINITY_DN81_c0_g1_i1	KWMTBOMO12224	41.56	77	45	0	303	533	236	466	7e-15	61.6
TRINITY_DN81_c0_g1_i1	KWMTBOMO12224	42.11	38	22	0	120	233	53	166	7e-15	35.4
TRINITY_DN81_c0_g1_i1	KWMTBOMO12223	65.49	142	49	0	116	541	49	474	2e-65	245
TRINITY_DN81_c0_g1_i1	KWMTBOMO12223	51.82	137	66	0	540	130	473	63	5e-30	128
TRINITY_DN81_c0_g1_i1	KWMTBOMO12223	35.00	140	91	0	538	119	471	52	2e-17	86.8
TRINITY_DN81_c0_g1_i1	KWMTBOMO12223	38.36	73	45	0	303	521	236	454	1e-11	54.7
TRINITY_DN81_c0_g1_i1	KWMTBOMO12223	39.47	38	23	0	120	233	53	166	1e-11	31.3
TRINITY_DN81_c0_g1_i1	KWMTBOMO12227	65.69	137	47	0	131	541	73	483	1e-64	243
TRINITY_DN81_c0_g1_i1	KWMTBOMO12227	49.25	134	68	0	540	139	482	81	7e-23	104
TRINITY_DN81_c0_g1_i1	KWMTBOMO12227	34.78	138	90	0	541	128	483	70	3e-18	89.0
TRINITY_DN81_c0_g1_i1	KWMTBOMO02819	62.77	137	51	0	128	538	55	465	2e-61	232
TRINITY_DN81_c0_g1_i1	KWMTBOMO02819	56.06	132	58	0	534	139	461	66	5e-34	141
TRINITY_DN81_c0_g1_i1	KWMTBOMO02819	29.85	134	94	0	541	140	468	67	2e-13	73.5
TRINITY_DN81_c0_g1_i1	KWMTBOMO03129	61.94	134	51	0	140	541	79	480	3e-61	232
TRINITY_DN81_c0_g1_i1	KWMTBOMO03129	50.37	135	67	0	540	136	479	75	3e-28	122
TRINITY_DN81_c0_g1_i1	KWMTBOMO03129	28.68	136	97	0	538	131	477	70	8e-13	71.2
TRINITY_DN81_c0_g1_i1	KWMTBOMO15557	59.56	136	55	0	134	541	76	483	2e-57	219
TRINITY_DN81_c0_g1_i1	KWMTBOMO15557	47.76	134	70	0	540	139	482	81	6e-24	108
TRINITY_DN81_c0_g1_i1	KWMTBOMO07102	55.88	136	60	0	134	541	94	501	2e-56	215
TRINITY_DN81_c0_g1_i1	KWMTBOMO07102	48.53	136	70	0	540	133	500	93	1e-24	110
TRINITY_DN81_c0_g1_i1	KWMTBOMO07102	34.33	134	88	0	538	137	498	97	6e-17	84.9
TRINITY_DN81_c0_g1_i1	KWMTBOMO07101	51.70	147	71	0	101	541	82	522	1e-55	213
TRINITY_DN81_c0_g1_i1	KWMTBOMO07101	49.26	136	69	0	540	133	521	114	2e-23	106
TRINITY_DN81_c0_g1_i1	KWMTBOMO07101	34.59	133	87	0	538	140	519	121	4e-17	85.4
TRINITY_DN81_c0_g1_i1	KWMTBOMO15791	57.35	136	58	0	134	541	73	480	3e-55	212
TRINITY_DN81_c0_g1_i1	KWMTBOMO15791	44.53	137	76	0	540	130	479	69	9e-18	87.7
TRINITY_DN81_c0_g1_i1	KWMTBOMO15558	52.38	147	70	0	101	541	34	474	5e-54	208
TRINITY_DN81_c0_g1_i1	KWMTBOMO15558	38.81	134	82	0	540	139	473	72	7e-15	78.0
TRINITY_DN81_c0_g1_i1	KWMTBOMO05183	55.22	134	60	0	140	541	118	519	2e-53	205
TRINITY_DN81_c0_g1_i1	KWMTBOMO05183	44.36	133	74	0	540	142	518	120	6e-22	101
TRINITY_DN81_c0_g1_i1	KWMTBOMO05183	35.82	134	86	0	541	140	519	118	1e-11	67.0
TRINITY_DN81_c0_g1_i1	KWMTBOMO12225	61.82	110	42	0	212	541	58	387	1e-52	183
TRINITY_DN81_c0_g1_i1	KWMTBOMO12225	76.47	17	4	0	152	202	5	55	1e-52	40.5
TRINITY_DN81_c0_g1_i1	KWMTBOMO12225	51.55	97	47	0	540	250	386	96	4e-21	98.7
TRINITY_DN81_c0_g1_i1	KWMTBOMO15560	54.01	137	63	0	131	541	64	474	2e-52	202
TRINITY_DN81_c0_g1_i1	KWMTBOMO15560	38.81	134	82	0	540	139	473	72	1e-14	77.6
TRINITY_DN81_c0_g1_i1	KWMTBOMO15559	54.01	137	63	0	131	541	64	474	4e-52	201
TRINITY_DN81_c0_g1_i1	KWMTBOMO15559	40.30	134	80	0	540	139	473	72	8e-16	81.3
TRINITY_DN81_c0_g1_i1	KWMTBOMO02623	54.48	134	61	0	137	538	85	486	1e-51	200
TRINITY_DN81_c0_g1_i1	KWMTBOMO02623	45.11	133	73	0	537	139	485	87	9e-22	100
TRINITY_DN81_c0_g1_i1	KWMTBOMO10213	54.41	136	62	0	134	541	73	480	4e-51	198
TRINITY_DN81_c0_g1_i1	KWMTBOMO10213	45.86	133	72	0	540	142	479	81	1e-20	97.3
TRINITY_DN81_c0_g1_i1	KWMTBOMO10213	32.88	73	49	0	358	140	297	79	1e-12	51.0
TRINITY_DN81_c0_g1_i1	KWMTBOMO10213	32.14	56	38	0	538	371	477	310	1e-12	38.2
TRINITY_DN81_c0_g1_i1	KWMTBOMO12222	71.74	92	26	0	266	541	4	279	1e-46	183
TRINITY_DN81_c0_g1_i1	KWMTBOMO12222	57.30	89	38	0	540	274	278	12	3e-24	109
TRINITY_DN81_c0_g1_i1	KWMTBOMO12233	75.00	72	18	0	326	541	1	216	1e-35	146
TRINITY_DN81_c0_g1_i1	KWMTBOMO12233	64.79	71	25	0	540	328	215	3	3e-24	109
TRINITY_DN84_c0_g1_i1	KWMTBOMO13762	75.89	112	27	0	301	636	1186	1521	7e-75	215
TRINITY_DN84_c0_g1_i1	KWMTBOMO13762	41.25	80	47	0	4	243	898	1137	7e-75	83.5
TRINITY_DN84_c0_g1_i1	KWMTBOMO13762	64.42	104	37	0	638	327	1523	1212	4e-41	145
TRINITY_DN84_c0_g1_i1	KWMTBOMO13762	40.98	61	36	0	200	18	1094	912	4e-41	44.1
TRINITY_DN84_c0_g1_i1	KWMTBOMO13762	43.24	74	42	0	351	572	1236	1457	7e-19	56.1
TRINITY_DN84_c0_g1_i1	KWMTBOMO13762	42.31	52	30	0	136	291	1027	1182	7e-19	54.7
TRINITY_DN84_c0_g1_i1	KWMTBOMO13762	37.93	58	36	0	630	457	1515	1342	7e-16	49.2
TRINITY_DN84_c0_g1_i1	KWMTBOMO13762	38.89	54	33	0	463	302	1348	1187	7e-16	34.5
TRINITY_DN84_c0_g1_i1	KWMTBOMO13762	50.00	30	15	0	260	171	1151	1062	7e-16	34.1
TRINITY_DN84_c0_g1_i1	KWMTBOMO13758	53.41	88	41	0	373	636	1387	1650	5e-33	119
TRINITY_DN84_c0_g1_i1	KWMTBOMO13758	43.59	39	22	0	25	141	1072	1188	5e-33	40.9
TRINITY_DN84_c0_g1_i1	KWMTBOMO13758	43.75	16	9	0	307	354	1336	1383	5e-33	22.1
TRINITY_DN84_c0_g1_i1	KWMTBOMO13761	51.16	86	42	0	379	636	3823	4080	1e-27	107
TRINITY_DN84_c0_g1_i1	KWMTBOMO13761	37.93	29	18	0	25	111	826	912	1e-27	31.8
TRINITY_DN84_c0_g1_i1	KWMTBOMO13761	44.00	25	14	0	283	357	3724	3798	1e-27	27.2
TRINITY_DN84_c0_g1_i1	KWMTBOMO13761	50.00	86	43	0	379	636	1150	1407	3e-25	108
TRINITY_DN84_c0_g1_i1	KWMTBOMO13761	47.62	21	11	0	283	345	1051	1113	3e-25	23.5
TRINITY_DN84_c0_g1_i1	KWMTBOMO13761	45.35	86	47	0	635	378	1406	1149	2e-13	73.5
TRINITY_DN84_c0_g1_i1	KWMTBOMO13761	45.33	75	41	0	635	411	4079	3855	2e-11	66.6
TRINITY_DN84_c0_g1_i1	KWMTBOMO13756	45.36	97	53	0	346	636	1285	1575	4e-26	109
TRINITY_DN84_c0_g1_i1	KWMTBOMO13756	34.29	35	23	0	25	129	1003	1107	4e-26	29.9
TRINITY_DN84_c0_g1_i1	KWMTBOMO13757	48.19	83	43	0	373	621	1390	1638	4e-26	102
TRINITY_DN84_c0_g1_i1	KWMTBOMO13757	41.03	39	23	0	25	141	1072	1188	4e-26	33.1
TRINITY_DN84_c0_g1_i1	KWMTBOMO13757	36.00	25	16	0	166	240	1219	1293	4e-26	23.5
TRINITY_DN84_c0_g1_i1	KWMTBOMO13757	49.30	71	36	0	611	399	1628	1416	6e-11	65.2
TRINITY_DN84_c0_g1_i1	KWMTBOMO14645	46.84	79	42	0	400	636	1369	1605	5e-20	95.5
TRINITY_DN84_c0_g1_i1	KWMTBOMO14007	53.70	54	25	0	466	627	3529	3690	1e-19	73.0
TRINITY_DN84_c0_g1_i1	KWMTBOMO14007	35.29	34	22	0	373	474	3433	3534	1e-19	40.0
TRINITY_DN84_c0_g1_i1	KWMTBOMO13759	65.45	55	19	0	472	636	1204	1368	3e-17	86.3
TRINITY_DN84_c0_g1_i1	KWMTBOMO00231	39.68	63	38	0	448	636	1366	1554	1e-15	62.0
TRINITY_DN84_c0_g1_i1	KWMTBOMO00231	34.43	61	40	0	4	186	958	1140	1e-15	41.4
TRINITY_DN84_c0_g1_i1	KWMTBOMO06624	54.17	48	22	0	436	579	1684	1827	7e-12	68.4
TRINITY_DN86_c0_g1_i1	KWMTBOMO11289	62.50	56	21	0	95	262	1	168	3e-21	97.7
TRINITY_DN86_c0_g1_i1	KWMTBOMO11289	64.29	42	15	0	261	136	167	42	5e-11	63.8
TRINITY_DN86_c0_g1_i2	KWMTBOMO11289	62.50	56	21	0	141	308	1	168	4e-21	97.7
TRINITY_DN86_c0_g1_i2	KWMTBOMO11289	64.29	42	15	0	307	182	167	42	6e-11	63.8
TRINITY_DN93_c0_g1_i1	KWMTBOMO07677	47.73	44	23	0	34	165	1657	1788	3e-12	45.5
TRINITY_DN93_c0_g1_i1	KWMTBOMO07677	30.65	62	43	0	187	372	1804	1989	3e-12	41.8
TRINITY_DN93_c0_g1_i1	KWMTBOMO00929	47.73	44	23	0	34	165	1657	1788	4e-12	45.5
TRINITY_DN93_c0_g1_i1	KWMTBOMO00929	30.65	62	43	0	187	372	1804	1989	4e-12	41.4
TRINITY_DN93_c0_g1_i1	KWMTBOMO08733	29.69	64	45	0	184	375	3214	3405	1e-11	45.1
TRINITY_DN93_c0_g1_i1	KWMTBOMO08733	43.18	44	25	0	34	165	3070	3201	1e-11	40.0
TRINITY_DN93_c0_g1_i1	KWMTBOMO15082	29.69	64	45	0	184	375	1771	1962	1e-11	45.1
TRINITY_DN93_c0_g1_i1	KWMTBOMO15082	43.18	44	25	0	34	165	1627	1758	1e-11	40.0
TRINITY_DN93_c0_g1_i1	KWMTBOMO16462	29.69	64	45	0	184	375	493	684	1e-11	45.1
TRINITY_DN93_c0_g1_i1	KWMTBOMO16462	43.18	44	25	0	34	165	349	480	1e-11	40.0
TRINITY_DN93_c0_g1_i1	KWMTBOMO03222	47.06	51	27	0	22	174	2857	3009	2e-11	60.6
TRINITY_DN93_c0_g1_i1	KWMTBOMO03222	27.03	37	27	0	265	375	5239	5349	2e-11	28.1
TRINITY_DN93_c0_g1_i2	KWMTBOMO07677	47.73	44	23	0	34	165	1657	1788	2e-12	45.5
TRINITY_DN93_c0_g1_i2	KWMTBOMO07677	30.65	62	43	0	187	372	1804	1989	2e-12	42.3
TRINITY_DN93_c0_g1_i2	KWMTBOMO00929	47.73	44	23	0	34	165	1657	1788	3e-12	45.5
TRINITY_DN93_c0_g1_i2	KWMTBOMO00929	30.65	62	43	0	187	372	1804	1989	3e-12	41.8
TRINITY_DN93_c0_g1_i2	KWMTBOMO08733	28.79	66	47	0	184	381	3214	3411	7e-12	46.0
TRINITY_DN93_c0_g1_i2	KWMTBOMO08733	43.18	44	25	0	34	165	3070	3201	7e-12	40.0
TRINITY_DN93_c0_g1_i2	KWMTBOMO15082	28.79	66	47	0	184	381	1771	1968	7e-12	46.0
TRINITY_DN93_c0_g1_i2	KWMTBOMO15082	43.18	44	25	0	34	165	1627	1758	7e-12	40.0
TRINITY_DN93_c0_g1_i2	KWMTBOMO16462	28.79	66	47	0	184	381	493	690	7e-12	46.0
TRINITY_DN93_c0_g1_i2	KWMTBOMO16462	43.18	44	25	0	34	165	349	480	7e-12	40.0
TRINITY_DN93_c0_g1_i2	KWMTBOMO03222	47.06	51	27	0	22	174	2857	3009	1e-11	60.6
TRINITY_DN93_c0_g1_i2	KWMTBOMO03222	27.03	37	27	0	265	375	5239	5349	1e-11	28.6
TRINITY_DN93_c0_g1_i2	KWMTBOMO00081	45.16	31	17	0	73	165	508	600	2e-11	40.0
TRINITY_DN93_c0_g1_i2	KWMTBOMO00081	51.85	27	13	0	283	363	721	801	2e-11	32.2
TRINITY_DN93_c0_g1_i2	KWMTBOMO00081	47.62	21	11	0	1	63	424	486	2e-11	29.0
TRINITY_DN93_c0_g1_i2	KWMTBOMO14509	45.16	31	17	0	73	165	1645	1737	2e-11	40.0
TRINITY_DN93_c0_g1_i2	KWMTBOMO14509	51.85	27	13	0	283	363	1858	1938	2e-11	32.2
TRINITY_DN93_c0_g1_i2	KWMTBOMO14509	47.62	21	11	0	1	63	1561	1623	2e-11	29.0
TRINITY_DN93_c0_g1_i2	KWMTBOMO03073	45.16	31	17	0	73	165	844	936	2e-11	40.0
TRINITY_DN93_c0_g1_i2	KWMTBOMO03073	51.85	27	13	0	283	363	1057	1137	2e-11	32.2
TRINITY_DN93_c0_g1_i2	KWMTBOMO03073	47.62	21	11	0	1	63	760	822	2e-11	29.0
TRINITY_DN95_c0_g1_i1	KWMTBOMO08984	55.91	93	41	0	8	286	1507	1785	1e-21	99.0
TRINITY_DN95_c0_g1_i1	KWMTBOMO08984	47.37	76	40	0	231	4	1730	1503	1e-10	62.9
TRINITY_DN96_c0_g1_i1	KWMTBOMO05841	65.67	134	46	0	40	441	1063	1464	1e-58	222
TRINITY_DN96_c0_g1_i1	KWMTBOMO05841	53.12	64	30	0	416	225	1439	1248	3e-24	66.6
TRINITY_DN96_c0_g1_i1	KWMTBOMO05841	63.27	49	18	0	164	18	1187	1041	3e-24	61.6
TRINITY_DN96_c0_g1_i1	KWMTBOMO05841	40.32	62	37	0	408	223	1431	1246	4e-11	45.5
TRINITY_DN96_c0_g1_i1	KWMTBOMO05841	29.63	54	38	0	171	10	1194	1033	4e-11	38.2
TRINITY_DN96_c0_g1_i1	KWMTBOMO13327	38.37	86	53	0	1	258	727	984	8e-19	68.9
TRINITY_DN96_c0_g1_i1	KWMTBOMO13327	30.77	52	36	0	286	441	1036	1191	8e-19	40.9
TRINITY_DN96_c0_g1_i1	KWMTBOMO05379	38.37	86	53	0	1	258	727	984	8e-19	68.9
TRINITY_DN96_c0_g1_i1	KWMTBOMO05379	30.77	52	36	0	286	441	1036	1191	8e-19	40.9
TRINITY_DN96_c0_g1_i1	KWMTBOMO00034	38.37	86	53	0	1	258	727	984	8e-19	68.9
TRINITY_DN96_c0_g1_i1	KWMTBOMO00034	30.77	52	36	0	286	441	1036	1191	8e-19	40.9
TRINITY_DN97_c0_g1_i1	KWMTBOMO03203	67.19	64	21	0	2	193	562	753	1e-22	102
TRINITY_DN97_c0_g1_i1	KWMTBOMO03203	52.31	65	31	0	195	1	755	561	3e-14	74.4
TRINITY_DN97_c1_g1_i1	KWMTBOMO03203	82.18	101	18	0	1	303	265	567	2e-46	181
TRINITY_DN97_c1_g1_i1	KWMTBOMO03203	65.12	86	30	0	302	45	566	309	4e-30	127
TRINITY_DN97_c1_g1_i1	KWMTBOMO03203	42.27	97	56	0	6	296	270	560	3e-17	84.9
TRINITY_DN97_c1_g1_i1	KWMTBOMO03220	40.35	57	34	0	130	300	385	555	9e-16	62.0
TRINITY_DN97_c1_g1_i1	KWMTBOMO03220	65.22	23	8	0	4	72	259	327	9e-16	36.8
TRINITY_DN99_c0_g1_i1	KWMTBOMO01839	63.64	55	20	0	2	166	535	699	1e-31	77.0
TRINITY_DN99_c0_g1_i1	KWMTBOMO01839	62.07	29	11	0	422	508	964	1050	1e-31	49.8
TRINITY_DN99_c0_g1_i1	KWMTBOMO01839	65.22	23	8	0	494	562	1039	1107	1e-31	40.2
TRINITY_DN99_c0_g1_i1	KWMTBOMO01839	71.43	14	4	0	305	346	838	879	1e-31	27.5
TRINITY_DN99_c0_g1_i1	KWMTBOMO01839	56.00	50	22	0	168	19	701	552	4e-15	46.9
TRINITY_DN99_c0_g1_i1	KWMTBOMO01839	44.83	29	16	0	520	434	1062	976	4e-15	35.9
TRINITY_DN99_c0_g1_i1	KWMTBOMO01839	68.42	19	6	0	564	508	1109	1053	4e-15	32.7
TRINITY_DN99_c0_g1_i1	KWMTBOMO01839	58.33	12	5	0	336	301	869	834	4e-15	21.7
TRINITY_DN100_c0_g1_i1	KWMTBOMO11528	63.74	91	33	0	1	273	148	420	2e-38	146
TRINITY_DN100_c0_g1_i1	KWMTBOMO11528	52.38	21	10	0	411	473	511	573	2e-38	31.8
TRINITY_DN100_c0_g1_i1	KWMTBOMO11528	53.93	89	41	0	272	6	419	153	2e-20	95.5
TRINITY_DN100_c0_g1_i1	KWMTBOMO11528	50.00	18	9	0	475	422	575	522	2e-20	22.1
TRINITY_DN101_c0_g1_i1	KWMTBOMO12956	93.33	60	4	0	52	231	874	1053	2e-34	140
TRINITY_DN101_c0_g1_i1	KWMTBOMO12956	77.36	53	12	0	215	57	1037	879	6e-23	92.3
TRINITY_DN101_c0_g1_i1	KWMTBOMO12956	61.11	18	7	0	81	28	903	850	6e-23	29.9
TRINITY_DN101_c0_g2_i1	KWMTBOMO12956	100.00	79	0	0	3	239	502	738	2e-49	184
TRINITY_DN101_c0_g2_i1	KWMTBOMO12956	100.00	10	0	0	285	314	796	825	2e-49	27.6
TRINITY_DN101_c0_g2_i1	KWMTBOMO12956	76.62	77	18	0	232	2	731	501	2e-36	143
TRINITY_DN101_c0_g2_i1	KWMTBOMO12956	100.00	8	0	0	316	293	827	804	2e-36	25.4
TRINITY_DN103_c0_g1_i1	KWMTBOMO05431	48.84	86	44	0	2	259	670	927	2e-22	101
TRINITY_DN112_c0_g1_i1	KWMTBOMO10328	69.77	172	52	0	7	522	163	678	1e-81	299
TRINITY_DN112_c0_g1_i1	KWMTBOMO10328	65.62	160	55	0	518	39	674	195	6e-57	217
TRINITY_DN112_c0_g1_i1	KWMTBOMO10328	43.65	126	71	0	519	142	675	298	1e-30	108
TRINITY_DN112_c0_g1_i1	KWMTBOMO10328	43.59	39	22	0	117	1	273	157	1e-30	41.4
TRINITY_DN112_c0_g1_i1	KWMTBOMO10328	43.48	161	91	0	29	511	185	667	7e-23	104
TRINITY_DN112_c0_g1_i1	KWMTBOMO10328	44.00	75	42	0	265	41	421	197	2e-18	58.3
TRINITY_DN112_c0_g1_i1	KWMTBOMO10328	44.12	68	38	0	511	308	667	464	2e-18	50.6
TRINITY_DN112_c0_g1_i1	KWMTBOMO10328	48.00	75	39	0	42	266	198	422	6e-18	57.0
TRINITY_DN112_c0_g1_i1	KWMTBOMO10328	31.34	67	46	0	322	522	1591	1791	6e-18	54.1
TRINITY_DN112_c0_g1_i1	KWMTBOMO04616	29.31	58	41	0	331	504	1243	1416	1e-13	48.2
TRINITY_DN112_c0_g1_i1	KWMTBOMO04616	32.79	61	41	0	22	204	430	612	1e-13	34.2
TRINITY_DN112_c0_g1_i1	KWMTBOMO04616	46.67	30	16	0	193	282	616	705	1e-13	31.5
TRINITY_DN112_c0_g1_i1	KWMTBOMO08759	29.51	61	43	0	319	501	448	630	1e-12	47.3
TRINITY_DN112_c0_g1_i1	KWMTBOMO08759	30.36	56	39	0	151	318	286	453	1e-12	41.9
TRINITY_DN112_c0_g1_i1	KWMTBOMO12955	32.20	59	40	0	328	504	4174	4350	3e-11	52.7
TRINITY_DN112_c0_g1_i1	KWMTBOMO12955	25.81	62	46	0	151	336	3622	3807	3e-11	31.9
TRINITY_DN112_c0_g1_i1	KWMTBOMO12955	28.57	35	25	0	40	144	3514	3618	3e-11	24.2
TRINITY_DN112_c0_g1_i1	KWMTBOMO01979	46.51	43	23	0	154	282	1180	1308	5e-11	44.6
TRINITY_DN112_c0_g1_i1	KWMTBOMO01979	23.81	63	48	0	322	510	1468	1656	5e-11	42.3
TRINITY_DN113_c0_g1_i1	KWMTBOMO07044	82.02	89	16	0	18	284	478	744	1e-43	171
TRINITY_DN113_c0_g1_i1	KWMTBOMO07044	61.36	88	34	0	283	20	743	480	2e-29	124
TRINITY_DN115_c0_g1_i1	KWMTBOMO12948	65.56	90	31	0	581	850	907	1176	3e-122	148
TRINITY_DN115_c0_g1_i1	KWMTBOMO12948	75.44	57	14	0	2	172	280	450	3e-122	112
TRINITY_DN115_c0_g1_i1	KWMTBOMO12948	63.08	65	24	0	1010	1204	1342	1536	3e-122	108
TRINITY_DN115_c0_g1_i1	KWMTBOMO12948	80.00	50	10	0	860	1009	1189	1338	3e-122	105
TRINITY_DN115_c0_g1_i1	KWMTBOMO12948	54.05	37	17	0	422	532	721	831	3e-122	43.2
TRINITY_DN115_c0_g1_i1	KWMTBOMO12948	63.64	22	8	0	236	301	523	588	3e-122	32.2
TRINITY_DN115_c0_g1_i1	KWMTBOMO12948	58.33	84	35	0	846	595	1172	921	2e-89	106
TRINITY_DN115_c0_g1_i1	KWMTBOMO12948	65.67	67	23	0	204	4	482	282	2e-89	98.2
TRINITY_DN115_c0_g1_i1	KWMTBOMO12948	63.27	49	18	0	1203	1057	1535	1389	2e-89	68.0
TRINITY_DN115_c0_g1_i1	KWMTBOMO12948	73.17	41	11	0	981	859	1310	1188	2e-89	61.6
TRINITY_DN115_c0_g1_i1	KWMTBOMO12948	83.33	18	3	0	465	412	764	711	2e-89	39.1
TRINITY_DN115_c0_g1_i1	KWMTBOMO12948	57.14	21	9	0	577	515	897	835	2e-89	33.6
TRINITY_DN115_c0_g1_i1	KWMTBOMO12948	63.64	22	8	0	300	235	587	522	2e-89	32.2
TRINITY_DN115_c0_g1_i1	KWMTBOMO12948	57.14	42	18	0	133	8	411	286	6e-23	56.5
TRINITY_DN115_c0_g1_i1	KWMTBOMO12948	42.86	49	28	0	1006	860	1335	1189	6e-23	47.8
TRINITY_DN115_c0_g1_i1	KWMTBOMO12948	51.35	37	18	0	850	740	1176	1066	6e-23	38.2
TRINITY_DN115_c0_g1_i1	KWMTBOMO12948	41.94	31	18	0	697	605	1023	931	6e-23	29.9
TRINITY_DN115_c0_g1_i1	KWMTBOMO12949	61.11	36	14	0	22	129	300	407	8e-21	51.9
TRINITY_DN115_c0_g1_i1	KWMTBOMO12949	45.65	46	25	0	847	984	1176	1313	8e-21	44.6
TRINITY_DN115_c0_g1_i1	KWMTBOMO12949	28.57	63	45	0	1015	1203	1347	1535	8e-21	33.1
TRINITY_DN115_c0_g1_i1	KWMTBOMO12949	57.14	21	9	0	781	843	1107	1169	8e-21	28.6
TRINITY_DN115_c0_g1_i1	KWMTBOMO12949	56.25	16	7	0	415	462	714	761	8e-21	22.6
TRINITY_DN115_c0_g1_i1	KWMTBOMO12949	61.54	13	5	0	497	535	817	855	8e-21	21.7
TRINITY_DN117_c0_g1_i1	KWMTBOMO04293	77.66	94	21	0	2	283	352	633	4e-48	187
TRINITY_DN117_c0_g1_i1	KWMTBOMO04293	70.00	90	27	0	282	13	632	363	6e-33	136
TRINITY_DN117_c0_g1_i1	KWMTBOMO09121	60.00	65	26	0	11	205	352	546	4e-24	107
TRINITY_DN121_c0_g1_i1	KWMTBOMO06627	54.00	100	46	0	422	721	4	303	1e-38	146
TRINITY_DN121_c0_g1_i1	KWMTBOMO06627	34.38	32	21	0	740	835	319	414	1e-38	34.5
TRINITY_DN121_c0_g1_i1	KWMTBOMO06627	48.89	90	46	0	693	424	275	6	3e-12	71.2
TRINITY_DN128_c0_g1_i1	KWMTBOMO11570	62.50	72	27	0	1	216	6823	7038	1e-19	91.8
TRINITY_DN128_c0_g1_i1	KWMTBOMO11570	58.18	55	23	0	215	51	7037	6873	2e-15	78.0
TRINITY_DN132_c0_g1_i1	KWMTBOMO07580	49.50	101	51	0	304	2	586	888	4e-26	114
TRINITY_DN132_c0_g1_i1	KWMTBOMO03645	48.51	101	52	0	304	2	319	621	7e-26	113
TRINITY_DN132_c0_g1_i1	KWMTBOMO15442	48.51	101	52	0	304	2	328	630	1e-25	112
TRINITY_DN132_c0_g1_i1	KWMTBOMO02313	49.50	101	51	0	304	2	2551	2853	1e-25	112
TRINITY_DN132_c0_g1_i1	KWMTBOMO05786	49.50	101	51	0	304	2	898	1200	1e-25	112
TRINITY_DN132_c0_g1_i1	KWMTBOMO14857	47.52	101	53	0	304	2	328	630	4e-25	111
TRINITY_DN132_c0_g1_i1	KWMTBOMO05866	47.52	101	53	0	304	2	973	1275	7e-25	110
TRINITY_DN132_c0_g1_i1	KWMTBOMO15730	47.52	101	53	0	304	2	2176	2478	2e-24	108
TRINITY_DN132_c0_g1_i1	KWMTBOMO16134	42.57	101	58	0	304	2	58	360	8e-23	103
TRINITY_DN132_c0_g1_i1	KWMTBOMO08676	42.57	101	58	0	304	2	1501	1803	8e-23	103
TRINITY_DN135_c0_g1_i1	KWMTBOMO12949	62.50	56	21	0	95	262	1	168	3e-101	197
TRINITY_DN135_c0_g1_i1	KWMTBOMO12949	64.29	42	15	0	261	136	167	42	5e-11	63.8
